0.000000000000000000e+00
7.888849797959665011e-01
1.542112004028692196e+00
2.233840271770987318e+00
2.839620989059719935e+00
3.330565762640870009e+00
3.770336384486776993e+00
4.194148824305376166e+00
4.615799240510956913e+00
4.195437242612679363e+00
3.771452540683761345e+00
3.330954263286349359e+00
2.839629058118847027e+00
2.233840271770986430e+00
1.542112004028692862e+00
7.888849797959680554e-01
0.000000000000000000e+00
0.000000000000000000e+00
8.361086776529602638e-01
1.588721672824366937e+00
2.273150507147315480e+00
2.869355823336164679e+00
3.357455269427355393e+00
3.784525174965944316e+00
4.206236296547619880e+00
4.615129404669660040e+00
4.202947769458784677e+00
3.764726212841995157e+00
3.338406333146914040e+00
2.841768138051291359e+00
2.231454440515766358e+00
1.531031398350152228e+00
0.000000000000000000e+00
0.000000000000000000e+00
0.000000000000000000e+00
8.019641922355613683e-01
1.550213882984477154e+00
2.238182934373347255e+00
2.834784464917453839e+00
3.338041396635921032e+00
3.761960041245359765e+00
4.182908774682768893e+00
4.608834401231730382e+00
4.182908774682768005e+00
3.761960041245359321e+00
3.338041396635922808e+00
2.834784464917454283e+00
2.238182934373348587e+00
0.000000000000000000e+00
0.000000000000000000e+00
0.000000000000000000e+00
0.000000000000000000e+00
7.888697211414087418e-01
1.531031398350151118e+00
2.231454440515767246e+00
2.841768138051292247e+00
3.338406333146912708e+00
3.764726212841995157e+00
4.202947769458786453e+00
4.615129404669657376e+00
4.206236296547620768e+00
3.784525174965944760e+00
3.357455269427356281e+00
2.869355823336166456e+00
0.000000000000000000e+00
0.000000000000000000e+00
0.000000000000000000e+00
0.000000000000000000e+00
0.000000000000000000e+00
7.888849797959662791e-01
1.542112004028692862e+00
2.233840271770986430e+00
2.839629058118845251e+00
3.330954263286348915e+00
3.771452540683763566e+00
4.195437242612682027e+00
4.615799240510957802e+00
4.194148824305376166e+00
3.770336384486777881e+00
3.330565762640872229e+00
0.000000000000000000e+00
0.000000000000000000e+00
0.000000000000000000e+00
0.000000000000000000e+00
0.000000000000000000e+00
0.000000000000000000e+00
8.361086776529604858e-01
1.588721672824366937e+00
2.273150548261998249e+00
2.869363924852429193e+00
3.357434116995208218e+00
3.784552926897707170e+00
4.207743892441251354e+00
4.615006127649778911e+00
4.198999658094646037e+00
3.761460624274718612e+00
0.000000000000000000e+00
0.000000000000000000e+00
0.000000000000000000e+00
0.000000000000000000e+00
0.000000000000000000e+00
0.000000000000000000e+00
0.000000000000000000e+00
8.093368616488717526e-01
1.554557910960494782e+00
2.239597491226408277e+00
2.834794855613961051e+00
3.338042338695497158e+00
3.763437491811361557e+00
4.188439337324875389e+00
4.611590656906629171e+00
4.183381959776934167e+00
0.000000000000000000e+00
0.000000000000000000e+00
0.000000000000000000e+00
0.000000000000000000e+00
0.000000000000000000e+00
0.000000000000000000e+00
0.000000000000000000e+00
0.000000000000000000e+00
7.888697211414089638e-01
1.531023520094806800e+00
2.229403833813343283e+00
2.835732642663804093e+00
3.328740870774911542e+00
3.755440002881759831e+00
4.193729990226928273e+00
4.601484096282094427e+00
0.000000000000000000e+00
0.000000000000000000e+00
0.000000000000000000e+00
0.000000000000000000e+00
0.000000000000000000e+00
0.000000000000000000e+00
0.000000000000000000e+00
0.000000000000000000e+00
0.000000000000000000e+00
7.888849797959662791e-01
1.542112004028691752e+00
2.233840271838968938e+00
2.839636278127383839e+00
3.330790279807678722e+00
3.771357394251769080e+00
4.195359563750787224e+00
0.000000000000000000e+00
0.000000000000000000e+00
0.000000000000000000e+00
0.000000000000000000e+00
0.000000000000000000e+00
0.000000000000000000e+00
0.000000000000000000e+00
0.000000000000000000e+00
0.000000000000000000e+00
0.000000000000000000e+00
8.361086776529602638e-01
1.588721672824366493e+00
2.273150548261998694e+00
2.869363924852431413e+00
3.357434116995207329e+00
3.784552926897705394e+00
0.000000000000000000e+00
0.000000000000000000e+00
0.000000000000000000e+00
0.000000000000000000e+00
0.000000000000000000e+00
0.000000000000000000e+00
0.000000000000000000e+00
0.000000000000000000e+00
0.000000000000000000e+00
0.000000000000000000e+00
0.000000000000000000e+00
8.093368616488708644e-01
1.554557910960494782e+00
2.239597491226409609e+00
2.834794855613960607e+00
3.338042338695498046e+00
0.000000000000000000e+00
0.000000000000000000e+00
0.000000000000000000e+00
0.000000000000000000e+00
0.000000000000000000e+00
0.000000000000000000e+00
0.000000000000000000e+00
0.000000000000000000e+00
0.000000000000000000e+00
0.000000000000000000e+00
0.000000000000000000e+00
0.000000000000000000e+00
7.888697211414096300e-01
1.531031398350152450e+00
2.231454440515767690e+00
2.841768141163843353e+00
0.000000000000000000e+00
0.000000000000000000e+00
0.000000000000000000e+00
0.000000000000000000e+00
0.000000000000000000e+00
0.000000000000000000e+00
0.000000000000000000e+00
0.000000000000000000e+00
0.000000000000000000e+00
0.000000000000000000e+00
0.000000000000000000e+00
0.000000000000000000e+00
0.000000000000000000e+00
7.888849797959677224e-01
1.542112004028691974e+00
2.233840271838968494e+00
0.000000000000000000e+00
0.000000000000000000e+00
0.000000000000000000e+00
0.000000000000000000e+00
0.000000000000000000e+00
0.000000000000000000e+00
0.000000000000000000e+00
0.000000000000000000e+00
0.000000000000000000e+00
0.000000000000000000e+00
0.000000000000000000e+00
0.000000000000000000e+00
0.000000000000000000e+00
0.000000000000000000e+00
7.970745535483862998e-01
1.543205034329897751e+00
0.000000000000000000e+00
0.000000000000000000e+00
0.000000000000000000e+00
0.000000000000000000e+00
0.000000000000000000e+00
0.000000000000000000e+00
0.000000000000000000e+00
0.000000000000000000e+00
0.000000000000000000e+00
0.000000000000000000e+00
0.000000000000000000e+00
0.000000000000000000e+00
0.000000000000000000e+00
0.000000000000000000e+00
0.000000000000000000e+00
8.093368616488705314e-01
0.000000000000000000e+00
0.000000000000000000e+00
0.000000000000000000e+00
0.000000000000000000e+00
0.000000000000000000e+00
0.000000000000000000e+00
0.000000000000000000e+00
0.000000000000000000e+00
0.000000000000000000e+00
0.000000000000000000e+00
0.000000000000000000e+00
0.000000000000000000e+00
0.000000000000000000e+00
0.000000000000000000e+00
0.000000000000000000e+00
0.000000000000000000e+00
